Wavelength	I1	I1 dark	R1	R1dark	XCorrect	I1c	R1c	I1c/R1c	Abs	Percent T
nm	uA	uA	uA	uA		uA	uA	uA/uA	OD	T*100
	Abs Detector Raw	Dark Offset for Abs Detector	Ref Detector Raw	Dark Offset for Ref Detector	Linear interp	Dark subtracted Abs Detector	Corrected Ref Detector	Corrected Intensity 	-Log(T)	% Transmittance
800	0.163239057270092	0.00294378706137258	0.240926144056838	0.00104680036412621	1.34088253974915	0.16029527020872	0.321650023604041	0.498353049729749	0.0138550694822861	96.8601038882851
797	0.160886415601636		0.237780782436105		1.3260293006897	0.157942628540264	0.313916196696394	0.503136283512695	0.0139721539087911	96.8339942285921
794	0.172792738491073		0.256524062466802		1.31175875663757	0.1698489514297	0.335124535684977	0.506823384574149	0.0140663723904795	96.8129887525744
791	0.186830139252853		0.277778751560339		1.29830348491669	0.183886352191481	0.359282056625838	0.511816131087735	0.0141512107484477	96.7940784206427
788	0.173826936103518		0.258581160847254		1.28535497188568	0.170883149042145	0.331023070678387	0.516227309147797	0.0142987369137558	96.7612038741226
785	0.169856101539916		0.253308545359289		1.27193987369537	0.166912314478544	0.320861772067322	0.520200064355199	0.0144320872810367	96.7314978523864
782	0.176577640819699		0.26392462922495		1.25860202312469	0.173633853758327	0.33085856723886	0.52479781680543	0.0145340148925896	96.7087979240455
779	0.187358131728161		0.280786650794536		1.24614322185516	0.184414344666788	0.348595918496632	0.529020378270922	0.014655965085564	96.6816458385782
776	0.207437658930641		0.311778877538373		1.23451888561249	0.204493871869269	0.383604617637204	0.533085011147258	0.014723795675002	96.6665467268138
773	0.235979293795843		0.35571164469681		1.22383856773376	0.23303550673447	0.434052515113631	0.536883207953452	0.0148342927344524	96.6419550939554
770	0.30325248597088		0.459449031062081		1.21381187438965	0.300308698909507	0.556414070867881	0.539721611355179	0.0149596197546799	96.6140705563008
767	0.444899840751565		0.676204145552416		1.20520555973053	0.441956053690192	0.813703386113832	0.543141470506755	0.0150591195432234	96.5919381579751
764	0.469871269484792		0.711897580468386		1.19851565361023	0.466927482423419	0.851965787335998	0.548058958897222	0.0151203009538556	96.5783316880862
761	0.379741044320032		0.57519899641988		1.19181299209595	0.376797257258659	0.684282046699667	0.550646124760945	0.0152345909541441	96.5529192415587
758	0.364504682381402		0.553184335558139		1.18398952484131	0.361560895320029	0.653725057941411	0.553077920033522	0.0153875959932638	96.5189089518232
755	0.396338100222952		0.60229402621884		1.17633533477783	0.393394313161579	0.707268356710048	0.556216476291269	0.015512815502664	96.4910838038628
752	0.438922429886777		0.667395766986538		1.16980671882629	0.435978642825405	0.779499498237856	0.559305867176287	0.0156697021795565	96.456233184859
749	0.48022328818122		0.730393577403757		1.16390073299408	0.477279501119848	0.848887248403296	0.562241336546851	0.0158206826910578	96.4227064398938
746	0.548266674444977		0.834512199729419		1.15848278999329	0.545322887383604	0.965555321219572	0.564776430101196	0.0159582022048512	96.3921789865421
743	0.636407873433602		0.968639455052848		1.15345752239227	0.63346408637223	1.11607702616221	0.567580974720431	0.0160906775304806	96.3627804138233
740	0.718413774290005		1.09296200643596		1.14841175079346	0.715469987228632	1.25396825352296	0.570564673562156	0.0162764881143931	96.3215609292092
737	0.848560257229438		1.29176295016064		1.14263534545898	0.845616470168065	1.47481789371222	0.573370091163992	0.0163528849523474	96.304618472433
734	1.01069601707962		1.53763068843601		1.13635516166687	1.00775223001825	1.74610503254463	0.577142961755074	0.016378658529395	96.2989033621622
731	1.06551031587183		1.61937890344139		1.12990951538086	1.06256652881045	1.82856884231332	0.581091892316289	0.0163503932826557	96.3051710007229
728	1.05149411017832		1.5985854745694		1.12338900566101	1.04855032311695	1.79465738272047	0.584262117779539	0.0162833075119881	96.3200484765042
725	1.04318527933994		1.58823965429824		1.11702907085419	1.04024149227857	1.77294055889643	0.586732300222218	0.0162561681198802	96.3260677775813
722	1.0493263037905		1.60118364594574		1.11090362071991	1.04638251672912	1.77759781540395	0.588649753989117	0.0162862023452618	96.3194064477343
719	1.01680886709182		1.55516591419602		1.10438621044159	1.01386508003044	1.71634771869965	0.590710768560684	0.0164066493081824	96.2926969871051
716	0.902775537164171		1.38445042415551		1.09723365306854	0.899831750102799	1.51791701180088	0.592806947354273	0.0166262876615751	96.2440106161213
713	0.729148452286662		1.12170401956574		1.08915162086487	0.726204665225289	1.22056562672736	0.594973878768343	0.0169403108512477	96.1744450827153
710	0.549337543886498		0.849514048729533		1.07961905002594	0.546393756825126	0.916021404658383	0.596485796124923	0.0172293350923703	96.1104620025539
707	0.42153032515891		0.657733406795655		1.06877458095551	0.418586538097537	0.70184995260795	0.596404596940049	0.017442741440046	96.0632462421891
704	0.342632442173389		0.541920702180295		1.05739140510559	0.339688655112016	0.571915415026342	0.593949115878211	0.0175888527480347	96.0309327629069
701	0.302712513133682		0.486264912607763		1.04672133922577	0.29976872607231	0.507888152264259	0.590225869093196	0.0177167840148873	96.0026488447139
698	0.296305471914777		0.480882943940303		1.03894531726837	0.293361684853404	0.498523514424583	0.5884610782944	0.0176737061660909	96.0121718593397
695	0.322867759406295		0.526259245638871		1.03592443466187	0.319923972344923	0.544080405448616	0.588008627293116	0.0177791612817882	95.9888610738172
692	0.363945417552094		0.593567710640916		1.03646862506866	0.361001630490721	0.614129333199018	0.58782671820975	0.0179154580396101	95.9587411474426
689	0.393492754470161		0.641831076231756		1.0377025604248	0.390548967408788	0.664943483747794	0.58734159662345	0.0180752123435096	95.9234494194603
686	0.407596919452866		0.6655262421527		1.03746140003204	0.404653132391493	0.689371771970485	0.586988253427961	0.0181913552132824	95.8978001524258
683	0.406959894003751		0.665056363919714		1.03570008277893	0.404016106942379	0.687714759940524	0.587476277195678	0.0183202320004788	95.8693467243628
680	0.401181605452621		0.656689865234883		1.0333856344223	0.398237818391249	0.67753212454605	0.587777027780152	0.0184765625764003	95.8348433777047
677	0.409186349378156		0.671189649417668		1.03072738647461	0.406242562316783	0.690734587369606	0.588131200818827	0.0186347476718809	95.7999433640433
674	0.420602520597187		0.691201592391903		1.0278697013855	0.417658733535815	0.709389199991362	0.588758235311308	0.0187917412266881	95.7653188035078
671	0.429490895500636		0.707171377179165		1.02485907077789	0.426547108439263	0.723678177648094	0.589415463411531	0.0189357470964427	95.7335696507033
668	0.438382569964618		0.723262980203245		1.02161717414856	0.435438782903246	0.737828452771609	0.590162633695605	0.0190958635667457	95.6982809317017
665	0.444818644157651		0.735274174308083		1.01794040203094	0.441874857096278	0.747399708214636	0.591216255826236	0.0192593303918594	95.6622672333994
662	0.450868829985526		0.746627805244162		1.01405811309814	0.447925042924154	0.756062466970467	0.592444490359353	0.0194167976011062	95.6275881382143
659	0.460773196095853		0.764327028806251		1.01044762134552	0.45782940903448	0.771254691249411	0.593616368534251	0.0195683293235187	95.5942280886521
656	0.476362426685417		0.791602519725096		1.00736176967621	0.473418639624044	0.796375608483115	0.594466523812528	0.0197702312161217	95.5497970155654
653	0.503100613224084		0.837604276438255		1.00482106208801	0.500156826162712	0.840590571606473	0.595006466949599	0.0199051796628029	95.5201114125738
650	0.531013891005615		0.885692094849621		1.00265884399414	0.528070103944242	0.886997428313682	0.595345698970271	0.0200765062291954	95.4824367336574
647	0.543054834255841		0.907146133155008		1.00098860263824	0.540111047194469	0.906995104981791	0.595494996861435	0.0202564395064363	95.4428854385491
644	0.546369571486249		0.914122257089535		0.999615073204041	0.543425784424876	0.912723989515382	0.595388957305058	0.0203935571872411	95.4127564778311
641	0.559216673485695		0.937283433449624		0.99827116727829	0.556272886424323	0.934618036558956	0.595187407758991	0.0205988326234413	95.367668943969
638	0.580148888062699		0.973973321303507		0.996643483638763	0.577205101001326	0.969660877153567	0.595264916426976	0.0207710894797672	95.329850187235
635	0.604235961330709		1.01599566000278		0.994565904140472	0.601292174269337	1.00943353024286	0.595672876177069	0.0209339588000343	95.2941062448865
632	0.628076440361424		1.05779358860774		0.992188215255737	0.625132653300052	1.04849170980466	0.596220883250013	0.0211092427295115	95.2556527168656
629	0.649708078458582		1.09608154499772		0.989726662635803	0.64676429139721	1.08378508327645	0.596764341359949	0.0212994754242671	95.2139373091065
626	0.674931362354377		1.14047357759621		0.986993134021759	0.671987575293004	1.12460640584861	0.597531342341887	0.0214583227520715	95.1791182761285
623	0.697938990741447		1.18095098282998		0.984223663806915	0.694995203680074	1.16128961740765	0.598468455467221	0.0216250436677875	95.1425870629457
620	0.714899514355317		1.21106667942595		0.981929302215576	0.711955727293944	1.18815397551416	0.599211669502563	0.0218523971483881	95.0927928834446
617	0.725051396028619		1.22968908047459		0.980959832668304	0.722107608967246	1.20524872550636	0.599135758192871	0.0220399518531944	95.0517349127437
614	0.733148276794605		1.24481823965486		0.981367647647858	0.730204489733233	1.22059705158834	0.598235501866102	0.0222079266534129	95.0149782659214
611	0.744879791335131		1.26616708051194		0.982362389564514	0.741936004273758	1.24280658149253	0.596984289689504	0.0223292850795115	94.9884311699608
608	0.76598513976154		1.30348670347072		0.982585072517395	0.763041352700167	1.27975800664354	0.596238780096728	0.0225001426169942	94.9510687394455
605	0.777893756962491		1.32529937092507		0.981410205364227	0.774949969901118	1.29963498722832	0.596282785179417	0.022762479985169	94.8937304752623
602	0.796183813041751		1.3576604401317		0.979359269142151	0.793240025980378	1.32861214275104	0.597044088681807	0.0229812652911666	94.8459377306844
599	0.819729408040441		1.39891908986918		0.977581381797791	0.816785620979068	1.36653392435119	0.597706069658582	0.0231933267464134	94.7996367559041
596	0.847107824679089		1.44673268953164		0.976614892482758	0.844164037617716	1.41187836921317	0.597901388692683	0.0233938660931509	94.7558722840285
593	0.876619669653939		1.4982649451851		0.976398348808289	0.873675882592566	1.46188132440901	0.597638035321208	0.0235690358558591	94.7176608459711
590	0.903187096915945		1.54481800530182		0.976394712924957	0.900243309854572	1.50733004246696	0.597243658980749	0.0237950798929852	94.6683744921023
587	0.928771452282465		1.58935423803402		0.976113736629486	0.925827665221092	1.55036870790036	0.597166119583853	0.0240021707476018	94.6232431771011
584	0.949231278860868		1.62517280478543		0.975447654724121	0.946287491799495	1.58424990198922	0.597309484199	0.0242217373334562	94.5754165242135
581	0.972123512350938		1.6652708905627		0.974489092826843	0.969179725289565	1.62176822391819	0.597606804101778	0.0244344410883768	94.529107805971
578	0.993597502438472		1.70314184744263		0.973618805408478	0.990653715377099	1.65719174642826	0.597790640408542	0.024664179756106	94.479115809434
575	1.02109185810254		1.75105574129414		0.972994327545166	1.01814807104116	1.70274877267823	0.597943799683222	0.024869135814189	94.4345389164668
572	1.04706343392649		1.79617221938535		0.972547769546509	1.04411964686512	1.74584522232533	0.598059686799974	0.0250758722670875	94.3895961037151
569	1.0717882888692		1.8390230676028		0.972193658351898	1.06884450180783	1.78686887121073	0.598166165983747	0.025302596950742	94.3403326037243
566	1.09678360187968		1.88262130351257		0.972323656082153	1.0938398148183	1.82949940009226	0.597890228749538	0.025536921280465	94.2894448456061
563	1.12377475106382		1.92965659263127		0.972873628139496	1.12083096400244	1.8762936058683	0.597364378632925	0.0257610773834231	94.2407909900111
560	1.15723781855706		1.98765768614951		0.9736088514328	1.15429403149569	1.9341819427534	0.596786685875317	0.026008578335749	94.1870992175476
557	1.18745480757206		2.03975757363664		0.974480867385864	1.18451102051069	1.98668464268751	0.596224984609701	0.0265974520968999	94.0594744657908
554	1.22186866119431		2.09742148453904		0.975422322750092	1.21892487413294	2.04485066379238	0.596094813042397	0.0265514676296684	94.069434306398
551	1.25417886950027		2.15292926507896		0.976292371749878	1.25123508243889	2.10086643520342	0.595580500250956	0.0268163300803002	94.0120818280524
548	1.28667587834258		2.20883051607629		0.976854741573334	1.28373209128121	2.15668399106182	0.595234209833949	0.0270985197517688	93.9510158404296
545	1.32001252646377		2.26573841379812		0.976897537708282	1.3170687394024	2.21237166083226	0.595319838307337	0.0273684248307037	93.8926453583212
542	1.35726996527974		2.32893851730535		0.976688385009766	1.35432617821837	2.27362480149693	0.595668281471373	0.0276713400035003	93.8271792021089
539	1.38942791925281		2.3831290212392		0.976733922958374	1.38648413219143	2.32666051240471	0.595911661713998	0.0279647163042867	93.7638181037634
536	1.4294424430187		2.4508425243866		0.977351248264313	1.42649865595733	2.39431090886594	0.595786725389386	0.0282497538114911	93.7022989330234
533	1.4725349001219		2.52373072477895		0.978485703468323	1.46959111306053	2.46841015440927	0.595359369444915	0.028573283628011	93.63252093719
530	1.51997765017647		2.60352450253628		0.97979062795639	1.5170338631151	2.54988326205376	0.59494247665802	0.0289075836813798	93.5604746322899
527	1.57158947614211		2.69003625389958		0.980956435203552	1.56864568908074	2.63778150864009	0.594683708238389	0.029251627367202	93.4863863226515
524	1.63031344929614		2.78863736922825		0.981513798236847	1.62736966223476	2.73605860717504	0.594786112390703	0.0295816426166174	93.415374105497
521	1.68982121150953		2.88841820012837		0.98179018497467	1.68687742444815	2.83479290066511	0.595061961687703	0.0299457828452817	93.3370815174676
518	1.75474203400402		2.99651149193278		0.982168912887573	1.75179824694265	2.9420522997111	0.595434094463471	0.0303112208011136	93.2585758785246
515	1.82637162234085		3.11513856055057		0.983009278774261	1.82342783527948	3.06118109521774	0.595661536695129	0.0306694027228854	93.1816931033146
512	1.89428287939371		3.22742001884215		0.984047532081604	1.89133909233234	3.17490460321748	0.595715250913566	0.0305990735226066	93.1967840724225
509	1.96505970528277		3.34376678839678		0.985204875469208	1.9621159182214	3.29326402953814	0.595796723439929	0.030917428085618	93.1284922776312
506	2.04543258093818		3.47888111647017		0.986456871032715	2.04248879387681	3.43073355743617	0.595350457761339	0.0317078063753824	92.9591606301142
503	2.13311083009956		3.62274150774104		0.987697958946228	2.13016704303818	3.57714047040253	0.595494379005608	0.0321237791038444	92.870165801426
500	2.22819397547158		3.77731638139096		0.988681137561798	2.2252501884102	3.73352650510963	0.596018318167762	0.0324960111924183	92.7906012504877
497	2.38116007593457		4.02986688209081		0.988923311233521	2.3782162888732	3.98419409558525	0.596912758720369	0.0328834616127104	92.7078561851865
494	2.63004299119985		4.44236688776676		0.988562703132629	2.62709920413848	4.39052339107999	0.598356726552426	0.0333331825258145	92.6119049720933
491	2.73403901739563		4.60643968618342		0.98904812335968	2.73109523033426	4.55495519105359	0.599587727163247	0.033724008160424	92.5286001483648
488	2.76761575798412		4.65239820040407		0.991359889507294	2.76467197092275	4.6111632100032	0.59956064121201	0.0341252341851434	92.4431564225196
485	2.99293341211309		5.02002820259721		0.992995142936707	2.98998962505172	4.98382415490711	0.599938828521419	0.0345553836287171	92.3516409001521
482	3.24625258102276		5.42912675565003		0.994394838809967	3.24330879396138	5.39765469218414	0.600873708845756	0.0349645819989758	92.2646668654591
479	3.32232474868754		5.5425446702359		0.99604320526123	3.31938096162616	5.51957130025536	0.601383836000559	0.0354033496497435	92.1714989578715
476	3.65214820195947		6.08761715340946		0.998053312301636	3.6492044148981	6.07472170141383	0.600719604002399	0.0358490077937734	92.0769642304446
473	4.2674649231336		7.09353110446815		1.00068914890289	4.26452113607223	7.09737208188098	0.600859175321977	0.0362893818404339	91.9836456274847
470	4.84085880389907		8.01771547577529		1.00380909442902	4.8379150168377	8.04720492340194	0.601191974466642	0.0367499668353628	91.8861453571157
467	5.10500735875179		8.43268565478121		1.00672602653503	5.10206357169042	8.48835028108572	0.601066568030204	0.0371289451912159	91.8059977328025
464	4.91834780627499		8.11433746269389		1.00893819332123	4.91540401921361	8.18580882274099	0.600478721853134	0.0375353280334807	91.7201321876796
461	4.58403334472022		7.56614801664216		1.01032972335815	4.58108955765884	7.64324661901863	0.599364352088255	0.0379706989671393	91.6282307882665
458	4.24710273693567		7.02351125123231		1.01095962524414	4.24415894987429	7.09942802954	0.597817025852615	0.0383879269763541	91.5402455431883
455	3.8539275773739		6.39994794317707		1.01064646244049	3.85098379031253	6.46702680349031	0.595479794243951	0.0388767710640029	91.4372653435164
452	3.59089675811242		5.9969103568969		1.00919055938721	3.58795297105105	6.05096889662668	0.592955117163348	0.0394146468713566	91.3240899486386
449	3.29902069604628		5.53928053450675		1.00661778450012	3.29607690898491	5.57488457150649	0.591236799023843	0.0400140384550885	91.1981359321477
446	2.88003237374586		4.85773356091172		1.00299048423767	2.87708858668449	4.87121060575232	0.590631122228014	0.040679002227456	91.0586060600591
443	2.62463604297927		4.44248327570574		0.999023199081421	2.6216922559179	4.43709807611269	0.590857405210826	0.0414185969227703	90.903667067008
440	2.59476302918262		4.39905165600624		0.996054291725159	2.59181924212125	4.38065161149042	0.591651533147015	0.0420513825336316	90.771312987364
437	2.56399563916884		4.34743776949373		0.99519157409668	2.56105185210747	4.32549167020768	0.592083408632365	0.0427126827995842	90.6332006753845
434	2.5744697834141		4.35860371793544		0.996780753135681	2.57152599635273	4.34352886612833	0.592036124453086	0.0433362008489285	90.503171648028
431	2.6522310794901		4.47883197062886		1.00035095214844	2.64928729242873	4.47935665859048	0.591443703717573	0.0439891338968873	90.3672083429787
428	2.77055577872433		4.66951485316771		1.00449895858765	2.76761199166295	4.6894712972409	0.590175697053804	0.0447006436197986	90.2192798994622
425	2.82130143159773		4.75861590261637		1.00724053382874	2.81835764453636	4.79201644227965	0.588136054724306	0.0454294908458612	90.0679979272371
422	3.00862826678671		5.0946738126505		1.00762593746185	3.00568447972534	5.13247069333608	0.585621362364109	0.0462690899225113	89.8940423256062
419	2.83229137662218		4.83723517232175		1.00603270530701	2.8293475895608	4.86536367121482	0.581528490110658	0.0471805627812945	89.7055756009282
416	2.59989809385937		4.48518937783002		1.00299537181854	2.59695430679799	4.49757425177276	0.577412214100608	0.0480958078670042	89.5167264705036
413	2.39757919452131		4.18174933265579		0.998497366905212	2.39463540745994	4.17442047030718	0.573644994435293	0.0490563361691457	89.3189612712612
410	2.23654620810422		3.94090009655763		0.993889927864075	2.23360242104285	3.9157805083488	0.570410526402234	0.0500937247209513	89.1058618783416
407	2.11311477671266		3.75388605555685		0.989984571933746	2.11017098965129	3.71525296358813	0.567975050509971	0.0511204459733753	88.8954543589788
404	2.04050256753015		3.64577167000253		0.98790580034256	2.03755878046877	3.60064483936856	0.565887187258963	0.0521224702083425	88.6905871020697
401	2.03833810708958		3.65383271000938		0.988417327404022	2.03539432002821	3.61047688639063	0.563746669505195	0.0531372923574056	88.4835844814466
398	2.07981735863282		3.73189492039082		0.99182003736496	2.07687357157145	3.70032992180786	0.561267134406424	0.0542125942668569	88.2647724121195
395	2.09386249651615		3.75281538173301		0.998149752616882	2.09091870945478	3.74482688136914	0.558348563416187	0.0552722530993756	88.049672895127
392	2.08042799583741		3.71869256936935		1.00708770751953	2.07748420877604	3.74399535487716	0.554884291207728	0.0565255725547176	87.7959388706459
389	2.07610026636252		3.69759217394585		1.01841080188751	2.07315647930114	3.76460173812294	0.550697423928523	0.0577928892941283	87.5401145772966
386	2.10043785903871		3.72560757666594		1.03232741355896	2.09749407197733	3.8449661928428	0.545516908804479	0.0591561381760515	87.2657572879104
383	2.1349604138324		3.77223744830579		1.04808735847473	2.13201662677103	3.95253724450579	0.539404563419265	0.0606032669002619	86.975459750961
380	2.15326204950146		3.79306013376946		1.06401991844177	2.15031826244009	4.03477771774006	0.53294590504592	0.0620118718120559	86.6938176935867
377	2.15157534296523		3.78175154616816		1.07910001277924	2.14863155590386	4.07975853951165	0.526656549669493	0.063436006120775	86.4099977604263
374	2.13998755004278		3.75616626428798		1.09262192249298	2.13704376298141	4.10292584786329	0.520858490312306	0.0649649649053488	86.1063212460096
371	2.13907387084721		3.75233363979157		1.10292184352875	2.13613008378584	4.13737619654645	0.516300665520557	0.0665805011513737	85.786608528222
368	2.14478122800214		3.76280295615599		1.10681164264679	2.14183744094077	4.16355551002866	0.514425095517947	0.0681257261710808	85.481921099639
365	2.16019014761831		3.79285317210037		1.10139167308807	2.15724636055693	4.17626396379259	0.516549331953115	0.0696807824262408	85.1763876447763
362	2.18049546614069		3.83315949151939		1.08866059780121	2.17755167907931	4.17187009319469	0.521960566948482	0.0712386169554351	84.8714032996584
359	2.21305599701644		3.89604824004739		1.07323324680328	2.21011220995507	4.18024504141474	0.528703984589164	0.0727992455892766	84.5669669106536
356	2.25810118726614		3.98148297115133		1.05542421340942	2.25515740020476	4.2010487145795	0.536808200385387	0.0743599427622752	84.2636092462855
353	2.28963064758937		4.0440345016631		1.03646063804626	2.286686860528	4.19039761250154	0.545696869840214	0.0760137651240097	83.9433379946727
350	2.30748584893404		4.0831063069269		1.01822805404663	2.30454206187267	4.15646750786996	0.554447269829293	0.0777291868050802	83.612423805271
347	2.31766325978204		4.10937373968327		1.00210988521576	2.31471947272067	4.11699503758992	0.562235186485846	0.0794532729592769	83.281152584501
344	2.31960146045789		4.12220004944647		0.988115131855011	2.31665767339652	4.07217388611171	0.568899496482103	0.0812484299142801	82.937620288148
341	2.31460267141537		4.12541207458012		0.97557407617569	2.31165888435399	4.02362384220436	0.574521619070519	0.0831902466371957	82.5676175405556
338	2.28475713564595		4.08740363234918		0.964221119880676	2.28181334858458	3.94015156076868	0.579118166748749	0.0851953003198649	82.1872974168017
335	2.24247210529734		4.03165565039421		0.954874098300934	2.23952831823596	3.84872399127624	0.581888522874652	0.0872515727482857	81.7990815244007
332	2.17760240951162		3.94028556286868		0.946872651576996	2.17465862245025	3.72995745224757	0.583025047950577	0.089382843852285	81.3986413766295
329	2.09508112322027		3.82227940855505		0.938952207565308	2.09213733615889	3.58795479308141	0.583100249811711	0.0916834481229067	80.9685854152815
326	2.0044062859361		3.68997888784346		0.931833863258362	2.00146249887473	3.4374718383736	0.582248406090708	0.0940860206917496	80.5218935718554
323	1.92004092250368		3.56843044350493		0.925504565238953	1.9170971354423	3.30162984768558	0.580651745920633	0.0966815780776374	80.0420903378363
320	1.84088427609146		3.45214911218246		0.919252157211304	1.83794048903008	3.17243324489592	0.579347254031939	0.0994091057783124	79.5409720750605
317	1.76704457912088		3.34110062873946		0.913403213024139	1.76410079205951	3.05081589851161	0.578239018919546	0.102137586881955	79.0428176333397
314	1.70708900685068		3.25449975384136		0.908680856227875	1.70414521978931	2.9563504154628	0.576435462750289	0.104933515746709	78.5355852119582
311	1.63776514848511		3.15190433921225		0.905046582221985	1.63482136142374	2.85167284660287	0.573285032808466	0.10791842770403	77.9976597549199
308	1.56176168443334		3.03681412116627		0.902658760547638	1.55881789737196	2.74026196710629	0.568857253826018	0.110900733453591	77.4638836512135
305	1.48352629900376		2.91993914116453		0.902248084545136	1.48058251194239	2.63356502348063	0.562197059401096	0.114025551161861	76.908519080936
302	1.40723741625196		2.81005431860556		0.904157757759094	1.40429362919058	2.53978593922161	0.552918105224635	0.117314943339196	76.3282063011446
299	1.28960516635578		2.61724975638769		0.908673107624054	1.28666137929441	2.37727327022517	0.541234108593894	0.120795932941204	75.7188600562661
296	1.16299143028944		2.40340452897069		0.919314444065094	1.16004764322807	2.20852215971942	0.525259680154372	0.124459334218299	75.0828355709812
293	1.05438570043776		2.2175835153089		0.935736358165741	1.05144191337639	2.07409399338307	0.506940339604076	0.12731819821526	74.5902051782547
290	0.934086810842769		2.00836895071519		0.954356729984283	0.931143023781396	1.91570140343406	0.486058538200286	0.131034805501289	73.9546003522621
287	0.808419863407897		1.78380797138788		0.971447765827179	0.805476076346525	1.73185935659447	0.46509323824679	0.134861930692715	73.3057547061604
284	0.693332210669523		1.5774495151812		0.985033094882965	0.69038842360815	1.55280884495817	0.444606189518935	0.139477298826071	72.5308389974251
281	0.58379585246463		1.37646711241983		0.994289815425873	0.580852065403258	1.36756640820686	0.42473408378381	0.143740433860645	71.8223425855516
278	0.489504785946867		1.19940274331533		0.996792435646057	0.486560998885495	1.19451213914526	0.407330309119885	0.148118976780729	71.1018700437556
275	0.419925963593055		1.06568371400346		0.98714405298233	0.416982176531682	1.05094999788453	0.39676690363103	0.15222073404649	70.4334993430736
272	0.367714095210374		0.964505835379423		0.966205596923828	0.364770308149002	0.930899512038611	0.391847136486492	0.156365653852815	69.7644775336966
269	0.325406086880283		0.880510062399624		0.940902948379517	0.322462299818911	0.827489576240667	0.389687446316696	0.160452109369354	69.1111135584604
266	0.289730093980845		0.807040956553056		0.90767240524292	0.286786306919473	0.731578654359743	0.392010216824136	0.164392240277434	68.4869395866709
263	0.252991140956871		0.726232863003878		0.867875158786774	0.250047353895498	0.62937096926343	0.397297247739494	0.168205939773898	67.88816347801
260	0.214646328564313		0.635408767907809		0.826263844966888	0.21170254150294	0.524150358403404	0.40389658827631	0.171724274618724	67.3404052138021
257	0.176219870435387		0.537985721116917		0.783925712108612	0.173276083374014	0.420920225809961	0.411660150187806	0.174902434365912	66.8494080018051
254	0.13647449560946		0.430184648549622		0.74089515209198	0.133530708548087	0.317946151299818	0.419979005885718	0.177879600988309	66.3927104717992
251	0.102297945147878		0.332702426954278		0.698560178279877	0.0993541580865056	0.231681413638341	0.428839571229479	0.180765368015557	65.953011682278
248	0.0704229892777772		0.236076552782881		0.660330295562744	0.0674792022164046	0.155197265880715	0.434796333772203	0.183350705548465	65.5615623610537
245	0.0456968609509798		0.156511928314429		0.629273355007172	0.0427530738896072	0.097830062651906	0.437013661554415	0.186193442097018	65.1338212399512
242	0.0275261124083216		0.0945100859871024		0.604725062847137	0.024582325346949	0.0565195912722542	0.434934591592078	0.18951841410902	64.6370587271403
239	0.0157389077129893		0.0516990695413455		0.585129261016846	0.0127951206516168	0.0296381248324927	0.431711544638252	0.192633642672525	64.1750709265052
236	0.00843956428970246		0.0236387432488975		0.573699116706848	0.00549577722832988	0.0129609776776849	0.424024897272376	0.196457831119567	63.6124567902878
233	0.00499304060609784		0.00970438451703984		0.570354223251343	0.00204925354472525	0.00493788968476819	0.415005938882463	0.198594868828891	63.3002071386665
230	0.00350712650566624		0.00344831181578818		0.571752786636353	5.63339444293654E-4	0.00137307086462684	0.410277035808164	0.195613879404318	63.7361931975514
