Wavelength	I1	I1 dark	R1	R1dark	XCorrect	I1c	R1c	I1c/R1c	Abs	Percent T
nm	uA	uA	uA	uA		uA	uA	uA/uA	OD	T*100
	Abs Detector Raw	Dark Offset for Abs Detector	Ref Detector Raw	Dark Offset for Ref Detector	Linear interp	Dark subtracted Abs Detector	Corrected Ref Detector	Corrected Intensity 	-Log(T)	% Transmittance
800	0.162028263283841	0.00295580390321299	0.238630884819183	0.00104727439748003	1.34088253974915	0.159072459380628	0.318571714945025	0.499330141120907	0.0119167564225645	97.2933693380362
797	0.160473567092544		0.236691740768704		1.3260293006897	0.157517763189331	0.312471466953631	0.504102869695637	0.0120644985825648	97.2602768433773
794	0.172163405073788		0.255099448290976		1.31175875663757	0.169207601170575	0.333255163747604	0.507741873427434	0.0121930533492022	97.2314912558092
791	0.186817929932834		0.277187771109209		1.29830348491669	0.183862126029621	0.358514169207463	0.512844796165433	0.0121880823361303	97.2326041913872
788	0.17365811393012		0.257744629631114		1.28535497188568	0.170702310026907	0.329947221819456	0.517362471141865	0.0121729668800615	97.2359883944915
785	0.169583190316642		0.252335240996113		1.27193987369537	0.166627386413429	0.319623184496632	0.521324467359421	0.0122689278113167	97.2145056780447
782	0.176507775707674		0.263272106491962		1.25860202312469	0.173551971804461	0.330036704187648	0.525856577775618	0.0123970403136807	97.1858326063673
779	0.186982432114183		0.27965792002512		1.24614322185516	0.18402662821097	0.347188767585575	0.530047759006522	0.0125376893400627	97.1543634532204
776	0.206569182829375		0.309874779416709		1.23451888561249	0.203613378926162	0.381253387342823	0.534063134088493	0.0126516389075724	97.1288755736168
773	0.234560804421628		0.35290047741068		1.22383856773376	0.231605000518415	0.430611520028212	0.537851380527955	0.0127229509616963	97.1129281202594
770	0.301030253161156		0.455265973217468		1.21381187438965	0.298074449257943	0.551336050197517	0.540640230493104	0.0128233472368018	97.0904810254694
767	0.442791642517801		0.671860557007761		1.20520555973053	0.439835838614588	0.808467897742997	0.544036244163163	0.012887958742687	97.0760376101588
764	0.46974971980266		0.710413095305861		1.19851565361023	0.466793915899447	0.850186040494765	0.549049141794656	0.0129184688962993	97.0692180420807
761	0.379501040353706		0.573829924159726		1.19181299209595	0.376545236450493	0.682649803633787	0.551593561510044	0.0130089849199066	97.0489889016346
758	0.36376267402255		0.551190779963078		1.18398952484131	0.360806870119337	0.651364147749144	0.553924976322604	0.0131540758988144	97.016571770999
755	0.394912404122691		0.599192942246856		1.17633533477783	0.391956600219478	0.703619884435506	0.557057310189484	0.0132555667677502	96.9939024851276
752	0.436685371179896		0.663005087072442		1.16980671882629	0.433729567276683	0.774362696846728	0.560111649286397	0.013366625555539	96.9691021515394
749	0.4803099486423		0.729495999587519		1.16390073299408	0.477354144739087	0.847842005197289	0.563022522843756	0.0134555097747676	96.9492581485559
746	0.544182332115106		0.827238114980652		1.15848278999329	0.541226528211893	0.957127870065692	0.565469406062479	0.0135683721523831	96.9240667114222
743	0.63288376852825		0.962235803650213		1.15345752239227	0.629927964625037	1.10869013950373	0.568173146111865	0.0136980699201012	96.8951256156376
740	0.714198070876674		1.08558907860898		1.14841175079346	0.711242266973461	1.24550055218322	0.571049338939862	0.0138916755256059	96.8519400366098
737	0.84837984188592		1.29068597598281		1.14263534545898	0.845424037982707	1.47358676330323	0.573718534284051	0.0140620865088045	96.8139441666519
734	1.00543485132916		1.52881224730914		1.13635516166687	1.00247904742595	1.73608361278201	0.577437077364905	0.0142159965983964	96.779640247478
731	1.05625915349424		1.60407467254551		1.12990951538086	1.05330334959103	1.81127591058368	0.58152562148944	0.014299573667359	96.7610174448417
728	1.03871711712635		1.57737015727136		1.12338900566101	1.03576131322313	1.77082379599238	0.584903656460458	0.0143339214353368	96.7533650483875
725	1.02907739548518		1.56423227402307		1.11702907085419	1.02612159158196	1.74612308770498	0.587657078018852	0.0143444730352827	96.7510143613718
722	1.03230928542588		1.57221523419625		1.11090362071991	1.02935348152266	1.74541617529957	0.589746729799839	0.0144218093714481	96.7337871040233
719	1.00190447139942		1.52950504637863		1.10438621044159	0.998948667496206	1.68800768661826	0.591791539467152	0.0145863639575507	96.6971415244162
716	0.892841028842051		1.36708756900028		1.09723365306854	0.889885224938838	1.49886538268586	0.593705902623643	0.0148288228572749	96.643172293288
713	0.726549222255544		1.11633355449931		1.08915162086487	0.723593418352331	1.21471585970126	0.595689446691087	0.0150858591456159	96.5859911551527
710	0.549659976136187		0.849267109948781		1.07961905002594	0.546704172232974	0.915754293071055	0.596998754326947	0.0153657488857951	96.5237644406753
707	0.416937470563004		0.650187584071901		1.06877458095551	0.413981666659791	0.693784662453606	0.596700516837203	0.0156565267031006	96.4591594852379
704	0.337293906122943		0.533127801214453		1.05739140510559	0.33433810221973	0.562617375880322	0.594254846282688	0.0158585212113977	96.4143058413243
701	0.29783038752758		0.47801185203283		1.04672133922577	0.294874583624367	0.499249001465727	0.590636301241776	0.0159425463480007	96.3956538853026
698	0.291486093500806		0.47263476983996		1.03894531726837	0.288530289597593	0.489953620072284	0.588893066153947	0.0160213993668556	96.3781533214616
695	0.317470036420661		0.517067246774233		1.03592443466187	0.314514232517448	0.53455769815862	0.588363489293764	0.0161672882587977	96.345783256373
692	0.358133386630493		0.583743064378904		1.03646862506866	0.35517758272728	0.603945904275346	0.588095026744897	0.0163632937762855	96.3023103477679
689	0.38607905546414		0.629440017626483		1.0377025604248	0.383123251560927	0.652084758601104	0.587535970604234	0.01653944223527	96.2632583575523
686	0.40037500999686		0.653547686902713		1.03746140003204	0.397419206093647	0.676943991479165	0.587078415786307	0.0167344686726474	96.2200396053119
683	0.400390371935275		0.654235756357971		1.03570008277893	0.397434568032062	0.676507364836725	0.587480031541095	0.0168834544379683	96.1870367507542
680	0.39447389094085		0.64566978623839		1.0333856344223	0.391518087037637	0.666143643361617	0.587738231745162	0.0170783523488608	96.1438806724034
677	0.401504307477699		0.658617766533332		1.03072738647461	0.398548503574486	0.67777591478201	0.588023998614158	0.0172819149262839	96.0988266573179
674	0.413121960324344		0.679037043490315		1.0278697013855	0.410166156421131	0.696885141499875	0.588570672547772	0.0174801999674802	96.0549610055211
671	0.421665112756027		0.69450215115557		1.02485907077789	0.418709308852814	0.710693520620695	0.589155939521058	0.0176777348727041	96.0112812123392
668	0.430873834643059		0.711164397487917		1.02161717414856	0.427918030739846	0.725467848606157	0.589851130635225	0.0178753730720334	95.9675984567284
665	0.435624130949762		0.720412118093055		1.01794040203094	0.432668327046549	0.732270538198401	0.5908585754536	0.0180823069417825	95.9218824348257
662	0.442591750245651		0.73332276013131		1.01405811309814	0.439635946342438	0.742569897331275	0.592046550664721	0.0182585182500745	95.8829708378833
659	0.452482897056714		0.751035917103989		1.01044762134552	0.449527093153501	0.757824240058947	0.593181201380592	0.0184511018919912	95.8404618976936
656	0.467019678309663		0.776602415414916		1.00736176967621	0.46406387440645	0.781264599336806	0.593990659247047	0.0186660913414855	95.7930295911421
653	0.492182184922985		0.820120985492489		1.00482106208801	0.489226381019772	0.823022516310858	0.59442648448149	0.0188687254488591	95.7483446868719
650	0.519041578736559		0.866550550431478		1.00265884399414	0.516085774833346	0.86780451422139	0.594702800430103	0.0191141246728232	95.6942571188456
647	0.531946866465754		0.889556091111037		1.00098860263824	0.528991062562541	0.889387198873863	0.594781511620975	0.0193140536228401	95.6502140787696
644	0.534930517576879		0.896046272969869		0.999615073204041	0.531974713673666	0.894654489475481	0.594614703141491	0.0196070476261366	95.5857060340931
641	0.547779004158839		0.91931674559417		0.99827116727829	0.544823200255626	0.916681936887537	0.594342681285393	0.0198133048782773	95.5403207828344
638	0.568410061205308		0.955639835964167		0.996643483638763	0.565454257302095	0.951388456015473	0.594346351090157	0.0200288391531773	95.4929172222254
635	0.591699019547308		0.9964632070779		0.994565904140472	0.588743215644095	0.990006747082133	0.594686063887251	0.020245634033702	95.445260136753
632	0.615616805706621		1.03858039746137		0.992188215255737	0.612661001803408	1.02942813764147	0.595146935858078	0.0205115173717519	95.3868446173893
629	0.637902856337785		1.07814645962016		0.989726662635803	0.634947052434572	1.06603378191819	0.595616258325386	0.0207378225286212	95.3371527320894
626	0.660861951705029		1.11889594035333		0.986993134021759	0.657906147801816	1.10330895817381	0.596302733633904	0.0209548613029653	95.2895198697785
623	0.68464445222035		1.16095657403536		0.984223663806915	0.681688648317137	1.14161018057331	0.597129090049633	0.0212042242556809	95.2348222933638
620	0.700593821968632		1.189576445442		0.981929302215576	0.697638018065419	1.1670516195866	0.597778201372565	0.0214507884760091	95.1807694874671
617	0.711675892542026		1.20998620884922		0.980959832668304	0.708720088638813	1.18592053484597	0.597611785793777	0.021725479429863	95.1205867525939
614	0.718428534726957		1.22305284118226		0.981367647647858	0.715472730823744	1.19923672848816	0.596606753135151	0.0219775331021005	95.0653971562436
611	0.725781126250312		1.23715573632854		0.982362389564514	0.722825322347099	1.21430646242351	0.595257741529666	0.0222108477748047	95.0143391849206
608	0.737039613754154		1.25792413468306		0.982585072517395	0.734083809850941	1.23498844090914	0.594405409422734	0.0224497648111258	94.9620836248626
605	0.752652808882196		1.28611421086436		0.981410205364227	0.749697004978983	1.26117780602474	0.594441958459486	0.0227056260885943	94.9061539153834
602	0.772115961575422		1.32064665854132		0.979359269142151	0.769160157672208	1.29236188841554	0.595158495903352	0.0229832654339208	94.8455009188294
599	0.798416567549431		1.36689130801473		0.977581381797791	0.795460763646218	1.33522369770382	0.595750932981617	0.0232592982321529	94.7852373146111
596	0.824808390258916		1.41328372726295		0.976614892482758	0.821852586355703	1.37921115157545	0.595885978312253	0.0234906171642715	94.7347651518551
593	0.856958128594807		1.46964645530922		0.976398348808289	0.854002324691594	1.43393781530343	0.595564407031752	0.0237307400485191	94.6824004582326
590	0.884987397891988		1.51891712649907		0.976394712924957	0.882031593988775	1.48204009850018	0.595146915985195	0.0239878604672684	94.6263611247186
587	0.909348688383024		1.56174971299784		0.976113736629486	0.906392884479811	1.52342308910895	0.594971213814254	0.024287470479918	94.561103035284
584	0.930457802373383		1.59909389253612		0.975447654724121	0.92750199847017	1.55881082580315	0.595006131030873	0.024623207642664	94.4880295576321
581	0.949990153979906		1.63378728839358		0.974489092826843	0.947034350076693	1.59108733506115	0.595212047263449	0.0249430065144802	94.4184775743039
578	0.971916299522176		1.67282950137234		0.973618805408478	0.968960495618963	1.62767861473039	0.59530209886026	0.0252194807107878	94.3583893933708
575	0.99295225646937		1.71012926928971		0.972994327545166	0.989996452566157	1.66292708633971	0.595333650343774	0.0255179642940807	94.2935606767028
572	1.01974587849366		1.75726417999004		0.972547769546509	1.01679007459044	1.70800483437391	0.595308663141552	0.0258211162926142	94.2277636008915
569	1.04387055124882		1.79977165784753		0.972193658351898	1.04091474734561	1.74870843871307	0.595247740733528	0.0261606762313653	94.1541189428252
566	1.07069453734769		1.84719995965997		0.972323656082153	1.06773873344448	1.79505792862031	0.594821323824992	0.02653714256626	94.0725372075213
563	1.09834550586513		1.89618123265761		0.972873628139496	1.09538970196192	1.8437258497829	0.594117450862289	0.0269213424032552	93.9893524726712
560	1.12803521613468		1.94848379348377		0.9736088514328	1.12507941223147	1.8960414325859	0.593383347481517	0.0272833996770384	93.9110292394272
557	1.15871449366102		2.00221216607182		0.974480867385864	1.15575868975781	1.95009689942095	0.592667313147871	0.0276770987780106	93.8259350555492
554	1.19045080579007		2.05638868685144		0.975422322750092	1.18749500188686	2.00482589458029	0.592318268183311	0.0280627638537494	93.7426521085681
551	1.22535124449339		2.1174255042345		0.976292371749878	1.22239544059017	2.06620392152739	0.591614132494022	0.0285270961818414	93.6424793344828
548	1.25386667528765		2.16751497913201		0.976854741573334	1.25091087138443	2.11632424983542	0.591077133611125	0.0289498344277743	93.551372956419
545	1.28889591617551		2.22868577356531		0.976897537708282	1.2859401122723	2.17617456474123	0.590917720070498	0.0294127906504258	93.4517006925404
542	1.32212385335963		2.28626355287626		0.976688385009766	1.31916804945642	2.23194419642547	0.591039888707393	0.0298909796291059	93.3488603800177
539	1.35309427315776		2.3400548722414		0.976733922958374	1.35013846925454	2.28458806687153	0.590976766810917	0.0304304860092811	93.2329688840835
536	1.38851575983262		2.40157513688815		0.977351248264313	1.38555995592941	2.34615890289852	0.590565265727587	0.0309390853562375	93.1238482889203
533	1.43164598915247		2.47646377550493		0.978485703468323	1.42869018524926	2.42215965646322	0.589841458814238	0.0314911301388837	93.0055509650979
530	1.47490823629406		2.55118889239384		0.97979062795639	1.47195243239084	2.49860485727438	0.589109729817996	0.0320348990811907	92.8891739801599
527	1.52643061645928		2.63988196943202		0.980956435203552	1.52347481255607	2.58858187553254	0.588536459656177	0.0326346984088656	92.7609743125736
524	1.58227523415606		2.73613967290482		0.981513798236847	1.57931943025284	2.68453092858766	0.588303682194388	0.0332180669103038	92.6364562614713
521	1.63817567216511		2.83220415860495		0.98179018497467	1.6352198682619	2.77960204103836	0.588292800235187	0.0337778859480199	92.5171219296534
518	1.70067404471811		2.9390441838128		0.982168912887573	1.6977182408149	2.88560923058749	0.588339620908842	0.0344012698664022	92.3844186236278
515	1.76789603053349		3.05351155518158		0.983009278774261	1.76494022663028	3.00060071113778	0.588195630321318	0.0350179777620561	92.2533237799369
512	1.83299631347649		3.16422129228804		0.984047532081604	1.83004050957328	3.11271358584985	0.587924477822982	0.0356327285623402	92.122830101167
509	1.90105842502093		3.27992774690382		0.985204875469208	1.89810262111772	3.23036902759403	0.587580739198525	0.0358447651686826	92.0778637351888
506	1.97926099917134		3.41235688822036		0.986456871032715	1.97630519526813	3.36510980777554	0.587292928956318	0.0364795456090788	91.9433777253871
503	2.05857183991888		3.5494929838638		0.987697958946228	2.05561603601567	3.50479258467139	0.586515745612492	0.0375914492027027	91.708280532403
500	2.14498539426109		3.69471512805891		0.988681137561798	2.14202959035788	3.65185973533343	0.586558560733523	0.0383109126009482	91.5564800113983
497	2.29242443664071		3.94490712412951		0.988923311233521	2.28946863273749	3.90017494163793	0.587016907445695	0.0390072088966021	91.4098068141039
494	2.52891264370356		4.34682877413484		0.988562703132629	2.52595683980034	4.29607750660413	0.587968172342637	0.0397752961630596	91.2482835590229
491	2.65768178381402		4.55936637826605		0.98904812335968	2.65472597991081	4.50839695535578	0.588840336420933	0.0404178386971215	91.1133807345577
488	2.72896001717179		4.67354543420629		0.991359889507294	2.72600421326857	4.6321272594311	0.588499421668171	0.0411583964191545	90.9581468452746
485	2.91918335991755		4.99300403278332		0.992995142936707	2.91622755601434	4.9569888148272	0.58830626110985	0.0419458699874119	90.7933687036726
482	3.15722036458164		5.38842116987518		0.994394838809967	3.15426456067842	5.35717679640257	0.588792321133878	0.0426457920579653	90.6471612232727
479	3.22285841119436		5.49044671634251		0.99604320526123	3.21990260729115	5.46767901511414	0.588897519110114	0.0433392005848954	90.5025465314473
476	3.52430311580039		6.0040147660482		0.998053312301636	3.52134731189718	5.99128158868105	0.587745252793633	0.0441616004380212	90.3313289424767
473	4.11311461491246		6.99302588026037		1.00068914890289	4.11015881100925	6.99679712024817	0.587434327503191	0.0449198339125527	90.1737573295824
470	4.66169489714427		7.90258232682128		1.00380909442902	4.65873909324106	7.93163274557266	0.58736192694266	0.0456625842898937	90.0196698279331
467	4.93276648541659		8.34623957114226		1.00672602653503	4.92981068151338	8.40132228157265	0.586789854773975	0.0463989838943224	89.8671597639851
464	4.75266018730813		8.03722904015044		1.00893819332123	4.74970438340492	8.10801071193979	0.58580391074355	0.0471207692533003	89.7179270866837
461	4.41628288518544		7.47733232363768		1.01032972335815	4.41332708128222	7.55351300554556	0.584274770963139	0.0479454085803298	89.5477321218462
458	4.07259498616812		6.91384397139708		1.01095962524414	4.06963918226491	6.98855835818765	0.582328854347621	0.0487393729104494	89.3841731582112
455	3.69714663561756		6.30719330487582		1.01064646244049	3.69419083171434	6.37328417733608	0.579636923275944	0.0496057486340352	89.2060380694498
452	3.4325991220262		5.89434973230672		1.00919055938721	3.42964331812299	5.94746520413542	0.576656306578854	0.0505717979709839	89.007827727075
449	3.15415390463295		5.45076885517293		1.00661778450012	3.15119810072974	5.48578666378268	0.574429574801739	0.0515899511389451	88.7994035811666
446	2.74757144287867		4.77536899581115		1.00299048423767	2.74461563897546	4.78859925526712	0.573156259830382	0.052742558177159	88.5640445711088
443	2.49555083597554		4.35854706022082		0.999023199081421	2.49259503207232	4.35324337602984	0.572583431883739	0.0540024464397357	88.307492592369
440	2.42716840338745		4.25246191904316		0.996054291725159	2.42421259948424	4.23463980270252	0.572471972217595	0.0552511869236545	88.0539439944529
437	2.40891229384126		4.22735163838177		0.99519157409668	2.40595648993805	4.2059824926052	0.572031979250534	0.0566153008547878	87.7778014847713
434	2.41964303354447		4.2459709046648		0.996780753135681	2.41668722964126	4.23125817318131	0.571150974657794	0.0579574058192044	87.5069594979585
431	2.4902827171001		4.36595703577715		1.00035095214844	2.48732691319689	4.36644163583817	0.569646206371296	0.0593810590217349	87.2205741069402
428	2.60254801816518		4.5612645581901		1.00449895858765	2.59959221426197	4.58073351250308	0.567505664140122	0.0608658606742767	86.9228864124481
425	2.64811672647919		4.65203725924341		1.00724053382874	2.64516092257598	4.68466563516831	0.564642416038929	0.0623103628693453	86.6342534125267
422	2.82741210906355		4.9944157234515		1.00762593746185	2.82445630516033	5.0314475645705	0.561360576437099	0.0639033608718721	86.3170598961288
419	2.65458372840648		4.73812847227831		1.00603270530701	2.65162792450327	4.76565861276301	0.556403246636653	0.0656382522621347	85.9729339149614
416	2.43277654057207		4.39408200514719		1.00299537181854	2.42982073666886	4.40619350318008	0.55145574857645	0.0673295902078499	85.6387677808607
413	2.23375030479508		4.08743443801312		0.998497366905212	2.23079450089186	4.08024682302548	0.546730283154229	0.0691967162973292	85.271378469229
410	2.08357608176233		3.860170447222		0.993889927864075	2.08062027785912	3.83554365185715	0.542457723522895	0.0711942672559983	84.8800707213722
407	1.96711670722768		3.68214891595092		0.989984571933746	1.96416090332447	3.64423383285789	0.538977736723367	0.0731643053323289	84.495911382841
404	1.89410701025379		3.57408055090423		0.98790580034256	1.89115120635057	3.529820298678	0.535764159738913	0.0751516377147625	84.1101412458435
401	1.88590594461273		3.57848863682411		0.988417327404022	1.88295014070952	3.53600503039434	0.532507766398604	0.0772004289202261	83.7142847651275
398	1.91918126308328		3.65367642949243		0.99182003736496	1.91622545918007	3.62275078508661	0.528942114116265	0.0792622019622092	83.3178007908965
395	1.93211804037534		3.68334701653207		0.998149752616882	1.92916223647213	3.67548657667285	0.524872611075744	0.0814344729155766	82.9020990923448
392	1.90915323944171		3.64035845103002		1.00708770751953	1.9061974355385	3.66510554982507	0.520093462418696	0.0839822629498024	82.4171774380625
389	1.90196266573998		3.62505330826891		1.01841080188751	1.89900686183676	3.69072689100018	0.514534648030305	0.0866671483020729	81.9092315836086
386	1.9109289364561		3.63992234019192		1.03232741355896	1.90797313255289	3.75651048493576	0.507911036107628	0.0895623588932322	81.3650023103246
383	1.93479336751309		3.68504175529483		1.04808735847473	1.93183756360988	3.86114804411919	0.500327245041071	0.0926599112553863	80.7867410069639
380	1.94860593093446		3.71420255840097		1.06401991844177	1.94565012703125	3.95087118244703	0.492461038890714	0.095724772062744	80.2186276452215
377	1.93867007037846		3.70207264389865		1.07910001277924	1.93571426647524	3.99377652352499	0.48468266941655	0.0989070803982524	79.6329711146029
374	1.92094071620125		3.67844383051651		1.09262192249298	1.91798491229804	4.01800409491584	0.477347674862988	0.102248814858131	79.0225764208438
371	1.91081421721828		3.67151467405005		1.10292184352875	1.90785841331507	4.04823867103699	0.471281109724283	0.105538530882683	78.4262535524258
368	1.90920715667783		3.68127245355208		1.10681164264679	1.90625135277461	4.07331607585018	0.467985129874004	0.108516051346629	77.8904026047073
365	1.91233197478057		3.70091538316109		1.10139167308807	1.90937617087736	4.07500392651636	0.46855811805552	0.11129167480311	77.3941839194019
362	1.9303168147966		3.74967885220452		1.08866059780121	1.92736101089339	4.0809874944319	0.472278097769983	0.113887164945049	76.9330295808559
359	1.95411117017027		3.81110527041611		1.07323324680328	1.95115536626706	4.08908091357588	0.477162327551201	0.116539648249695	76.4645878077722
356	1.98200914247091		3.88087535314513		1.05542421340942	1.97905333856769	4.09486449817604	0.483301300799872	0.119130823069821	76.0097277397716
353	2.00212624566201		3.93766650037914		1.03646063804626	1.99917044175879	4.08015087470615	0.489974636514581	0.121935186458698	75.5204925052557
350	2.01799469530563		3.98709820672459		1.01822805404663	2.01503889140242	4.05870888415419	0.496472880641781	0.124822275003839	75.0201149034888
347	2.02059567674055		4.01165433577686		1.00210988521576	2.01763987283734	4.0190689819244	0.502016731216008	0.127787258827784	74.5096873694391
344	2.01422322437344		4.0198301584981		0.988115131855011	2.01126742047022	3.97102017941974	0.506486325829781	0.130833844515171	73.9888292662987
341	1.99986113824918		4.01509021589009		0.97557407617569	1.99690533434597	3.9159962343762	0.509935458266361	0.134105499724513	73.4335460181437
338	1.97383193669303		3.99089631584027		0.964221119880676	1.97087613278982	3.84709671089481	0.512302206286726	0.137564894057579	72.8509309539559
335	1.92478696252377		3.92494226092803		0.954874098300934	1.92183115862056	3.74682568709092	0.512922489359972	0.141187281567998	72.24581895111
332	1.86348987536636		3.83903897147636		0.946872651576996	1.86053407146315	3.63408937494358	0.511967065062079	0.144999733900232	71.6143849006535
329	1.78428918232346		3.72207792946325		0.938952207565308	1.78133337842024	3.49386994799219	0.509845359139346	0.149221368058795	70.921617500369
326	1.70292217825405		3.60164952662414		0.931833863258362	1.69996637435084	3.35516310674913	0.506671753433163	0.153716344735421	70.1913596853092
323	1.62040039147442		3.47927668775765		0.925504565238953	1.61744458757121	3.21911720101324	0.502449735928254	0.158773948581075	69.3786829919349
320	1.54568588371632		3.37015485591829		0.919252157211304	1.54273007981311	3.09705941218996	0.498127376485241	0.164280364261662	68.5045843720054
317	1.47291597922194		3.26054752359259		0.913403213024139	1.46996017531873	2.9772380004678	0.493732840669023	0.170058745944843	67.5991529498151
314	1.410847599343		3.17290417311272		0.908680856227875	1.40789179543979	2.88220564255685	0.488477218506457	0.176151891343388	66.6573599162223
311	1.34210267652199		3.07325726921401		0.905046582221985	1.33914687261878	2.78049315567692	0.481622071208715	0.182908735078481	65.6283166601526
308	1.26903688030516		2.96255663367002		0.902658760547638	1.26608107640194	2.67323236759118	0.473614299958067	0.189794067865963	64.5960455540458
305	1.1859049519264		2.82952325285394		0.902248084545136	1.18294914802318	2.55198703374427	0.463540422573215	0.197143044981713	63.5121705301352
302	1.09388314077066		2.67659298979314		0.904157757759094	1.09092733686745	2.41911541481409	0.450961260544604	0.205130582482726	62.3547320781929
299	0.994792392570416		2.49603163187205		0.908673107624054	0.991836588667203	2.26712518957982	0.437486466660901	0.212486480037351	61.3074877403657
296	0.894269095242595		2.30907051933786		0.919314444065094	0.891313291339382	2.12179910631168	0.42007430801908	0.220740584089649	60.1532942184137
293	0.806177646925157		2.14270535642841		0.935736358165741	0.803221843021944	2.00402733411584	0.40080383602967	0.228535769824722	59.0832300811415
290	0.708706925268733		1.94443898026751		0.954356729984283	0.70575112136552	1.8546889534927	0.380522631590848	0.236466565211887	58.0140833783742
287	0.608369357615463		1.72925335124454		0.971447765827179	0.60541355371225	1.67886193224203	0.360609495090375	0.244516244935262	56.9486921874299
284	0.516046697461905		1.5272319543467		0.985033094882965	0.513090893558692	1.50334241865335	0.341300083861336	0.253396919744552	55.7960018827629
281	0.430528340259674		1.33347024003304		0.994289815425873	0.427572536356461	1.32481458457098	0.322741417052654	0.262039549490109	54.6966150570136
278	0.359923112880666		1.16974275472535		0.996792435646057	0.356967308977453	1.16494681436456	0.306423696408979	0.270736975205819	53.6121254061538
275	0.305102896348618		1.03545700697092		0.98714405298233	0.302147092445405	1.02111141585691	0.295900219851959	0.278579373902963	52.6526975309637
272	0.264188129971578		0.933746872184459		0.966205596923828	0.261232326068365	0.901179571630382	0.289878215498996	0.286163139996401	51.7412432707471
269	0.23192556120706		0.851498061172777		0.940902948379517	0.228969757303847	0.800191652728557	0.286143646366577	0.293492729799684	50.8753336233921
266	0.204905948506798		0.778725487000671		0.90767240524292	0.201950144603585	0.705877053738553	0.286098185985777	0.300086339259765	50.1087605758355
263	0.177914240393216		0.700042866160286		0.867875158786774	0.174958436490003	0.6066409101924	0.288405271636747	0.306219565861449	49.4060841950111
260	0.150597051629079		0.613029180289714		0.826263844966888	0.147641247725866	0.505658522612682	0.291978165349651	0.311551632636529	48.8032076377763
257	0.123112470211192		0.5181410779467		0.783925712108612	0.120156666307979	0.405363128174273	0.296417355098763	0.316480749548613	48.2524367865472
254	0.0958481930526785		0.416855009320658		0.74089515209198	0.0928923891494655	0.308069935006929	0.301530200106596	0.32072572869746	47.7830944406012
251	0.071495902996482		0.320195681398784		0.698560178279877	0.068540099093269	0.222944368092569	0.307431399499674	0.324489025932676	47.3708278027054
248	0.0497151932255727		0.228465332186463		0.660330295562744	0.0467593893223597	0.150171033316104	0.311374226372492	0.327809066206572	47.0100738883312
245	0.0326617109900957		0.152163447344255		0.629273355007172	0.0297059070868827	0.0950933811460613	0.312386695360586	0.331492064433147	46.6130945216905
242	0.0200358586369054		0.0920276694625978		0.604725062847137	0.0170800547336924	0.0550181251236108	0.310444143549388	0.335419734326676	46.193435804134
239	0.0118518734076899		0.0504625156102819		0.585129261016846	0.00889606950447686	0.0289143035738159	0.307670197961569	0.338993433444313	45.8148813896621
236	0.00680445391320228		0.0233160911582068		0.573699116706848	0.00384865000998929	0.0127756005057356	0.301250027993709	0.344798278299757	45.2065871797403
233	0.00439837721020815		0.00966569632959525		0.570354223251343	0.00144257330699516	0.00491555334674391	0.293471193421332	0.349132465465999	44.7576766618951
230	0.00335471935839086		0.00345107454351457		0.571752786636353	3.98915455177863E-4	0.00137437943201212	0.290251327898471	0.345381412783175	45.145928270058
